303,35
14,5
0,536
10,204
10,24
10,66
10,102
10,222
10,4
10,306
10,264
11,29
11,24
11,9
11,20
11,13
11,6
9,4
9,6
9,3
8,12
8,7
8,5
8,15
8,2
8,3
0,514
12,2
12,1
12,3
300,3
300,2
300,1
300,0
299,3
299,2
299,1
299,0
298,3
298,2
298,1
298,0
297,3
297,2
297,1
297,0
296,5
296,4
296,3
20,2
20,1
296,2
296,1
296,0
295,3
295,2
20,3
295,1
295,0
290,3
19,2
290,2
290,1
19,1
290,0
289,5
289,4
289,3
19,3
289,2
289,1
289,0
288,3
288,2
288,1
288,0
281,4
281,3
281,2
281,1
281,0
275,5
275,4
275,3
275,2
275,1
275,0
274,4
274,3
274,2
274,1
274,0
273,4
273,3
273,2
273,1
273,0
272,4
272,3
272,2
272,1
272,0
271,3
271,2
271,1
271,0
266,3
266,2
266,1
266,0
264,3
264,2
264,1
264,0
263,3
263,2
263,1
263,0
261,3
261,2
261,1
261,0
260,5
260,4
260,1
260,3
